place(11.961, 1.000, 11.531, "Crook Boss", 600)
place(2.582, 1.000, -6.850, "Trapper", 500)
place(3.141, 1.000, -5.786, "Trapper", 500)
upgrade(11.961, 2.350, 11.531, 300)
upgrade(11.961, 2.350, 11.531, 900)
place(3.536, 1.000, -2.715, "Electroshocker", 725)
upgrade(3.141, 2.350, -5.786, 500)
upgrade(3.536, 2.350, -2.715, 300)
upgrade(11.961, 2.350, 11.531, 4250)
upgrade(3.536, 2.350, -2.715, 600)
place(3.335, 1.000, 3.302, "Turret", 5000)
upgrade(3.335, 1.950, 3.302, 1250)
place(11.772, 1.000, 8.500, "Crook Boss", 600)
place(11.601, 1.000, 8.236, "Crook Boss", 600)
upgrade(11.601, 2.350, 8.236, 300)
upgrade(11.601, 2.350, 8.236, 900)
upgrade(11.601, 2.350, 8.236, 4250)
upgrade(3.335, 1.950, 3.302, 7250)
upgrade(3.141, 2.350, -5.786, 1500)